1	1	544	#F6BCC6	1
1	545	876	#6AB82D	1
1	877	1172	#F6BCC6	1
1	1173	1561	#6AB82D	1
1	1562	1649	#F6BCC6	1
1	1650	1799	#6AB82D	1
1	1800	2018	#F5A118	1
1	2019	2564	#72C8D5	1
1	2565	2806	#F5A118	1
1	2807	3064	#040000	1
1	3065	3408	#0D7C7C	1
1	3409	3686	#040000	1
10	1	690	#187C3A	1
10	691	996	#EFEA3C	1
10	997	1321	#187C3A	1
10	1322	1479	#45A6B5	1
10	1480	1553	#E7211A	1
10	1554	1602	#45A6B5	1
10	1603	1660	#E7211A	1
10	1661	1943	#45A6B5	1
10	1944	1997	#E7211A	1
11	1	45	#F6BCC6	1
11	46	126	#040000	1
11	127	201	#F6BCC6	1
11	202	631	#F5A118	1
11	632	758	#761C78	1
11	759	863	#040000	1
11	864	1498	#761C78	1
11	1499	1527	#F6BCC6	1
11	1528	1904	#F5A118	1
12	1	361	#7D7E2D	1
12	362	543	#255DAB	1
12	544	867	#7D7E2D	1
12	868	943	#255DAB	1
12	944	1043	#7D7E2D	1
12	1044	1137	#255DAB	1
12	1138	1361	#7D7E2D	1
12	1362	1661	#255DAB	1
13	1	264	#F6BCC6	1
13	265	349	#040000	1
13	350	434	#F6BCC6	1
13	435	490	#040000	1
13	491	794	#0D7C7C	1
13	795	1262	#F6BCC6	1
14	1	151	#72C8D5	1
14	152	753	#F5A118	1
2	1	509	#761C78	1
2	510	566	#EFEA3C	1
2	567	1026	#AD1F25	1
2	1027	1256	#6AB82D	1
2	1257	1299	#72C8D5	1
2	1300	1380	#E7211A	1
2	1381	1722	#EFEA3C	1
2	1723	1896	#AD1F25	1
2	1897	2367	#040000	1
2	2368	2505	#187C3A	1
2	2506	2786	#EFEA3C	1
2	2787	3015	#AD1F25	1
3	1	644	#AD1F25	1
3	645	869	#AB549C	1
3	870	979	#AD1F25	1
3	980	1170	#C1C0C0	1
3	1171	1506	#AB549C	1
3	1507	2121	#C1C0C0	1
3	2122	2179	#AB549C	1
3	2180	2371	#C1C0C0	1
4	1	1252	#C1C0C0	1
4	1253	1311	#EFEA3C	1
4	1312	1478	#7D7E2D	1
4	1479	1777	#255DAB	1
4	1778	2015	#7D7E2D	1
4	2016	2095	#255DAB	1
4	2096	2182	#7D7E2D	1
5	1	707	#E7211A	1
5	708	1321	#45A6B5	1
5	1322	1512	#E7211A	1
5	1513	1891	#45A6B5	1
5	1892	1955	#E7211A	1
6	1	154	#E7211A	1
6	155	738	#72C8D5	1
6	739	1171	#6AB82D	1
6	1172	1342	#E7211A	1
6	1343	1967	#6AB82D	1
7	1	365	#F6BCC6	1
7	366	767	#AB549C	1
7	768	1053	#761C78	1
7	1054	1449	#AD1F25	1
7	1450	1770	#AB549C	1
8	1	867	#AB549C	1
8	868	1231	#187C3A	1
8	1232	1312	#AB549C	1
8	1313	1614	#187C3A	1
8	1615	1879	#AB549C	1
9	1	147	#0D7C7C	1
9	148	220	#AD1F25	1
9	221	423	#0D7C7C	1
9	424	573	#040000	1
9	574	923	#EFEA3C	1
9	924	1003	#040000	1
9	1004	1259	#C1C0C0	1
9	1260	1303	#EFEA3C	1
9	1304	1350	#040000	1
9	1351	1490	#0D7C7C	1
9	1491	2036	#EFEA3C	1
