1	1	635	#AD1F25	1
1	636	1743	white	1
1	1744	1778	#AD1F25	1
1	1779	2136	white	1
1	2137	2304	#F5A118	1
1	2305	2676	white	1
1	2677	2848	#F5A118	1
1	2849	3519	#AD1F25	1
10	1	228	white	1
10	229	423	#F5A118	1
10	424	1452	#187C3A	1
10	1453	2173	white	1
11	1	994	white	1
11	995	1803	#AB549C	1
11	1804	2181	white	1
12	1	507	#7D7E2D	1
12	508	1452	#72C8D5	1
12	1453	2235	white	1
13	1	642	white	1
13	643	1768	#EFEA3C	1
14	1	811	#7D7E2D	1
14	812	1743	white	1
2	1	1174	white	1
2	1175	1666	#7D7E2D	1
2	1667	3397	#E7211A	1
3	1	944	white	1
3	945	1714	#72C8D5	1
3	1715	1799	#AD1F25	1
3	1800	2336	#F5A118	1
3	2337	3018	#187C3A	1
4	1	1267	white	1
4	1268	2420	#AB549C	1
4	2421	3221	white	1
5	1	1461	#F6BCC6	1
5	1462	2443	#F5A118	1
5	2444	2661	white	1
6	1	353	#AD1F25	1
6	354	1434	white	1
6	1435	1443	#F6BCC6	1
6	1444	1725	white	1
6	1726	2013	#F5A118	1
6	2014	2623	#AD1F25	1
7	1	1190	#E7211A	1
7	1191	2369	#F6BCC6	1
8	1	689	white	1
8	690	2293	#EFEA3C	1
9	1	1290	#187C3A	1
9	1291	2037	white	1
