1	1	175	#993300	3
1	176	533	#6600FF	3
1	534	687	#993300	3
1	688	704	#C71585	3
1	705	916	#6600FF	3
1	917	1898	#993300	3
2	1	218	#993300	4
2	219	591	#6600FF	4
2	592	764	#993300	4
2	765	788	#C71585	4
2	789	1006	#6600FF	4
2	1007	1944	#993300	4
3	1	757	#993300	1
3	758	1304	#FF99CC	1
3	1305	1367	green	3
3	1368	1377	#FF99CC	1
3	1378	1474	green	3
3	1475	1494	#6600FF	3
3	1495	1691	#993300	1
4	1	151	green	3
4	152	518	#FF99CC	1
4	519	629	orange	1
4	630	721	#6600FF	1
4	722	900	orange	1
4	901	1113	#6600FF	1
4	1114	1218	orange	1
4	1219	1482	#6600FF	1
5	1	189	#993300	2
5	190	206	#6600FF	4
5	207	277	green	4
5	278	300	#FF99CC	2
5	301	345	green	4
5	346	850	#FF99CC	2
5	851	1516	#993300	2
6	1	139	green	4
6	140	525	#FF99CC	2
6	526	613	orange	2
6	614	720	#6600FF	2
6	721	892	orange	2
6	893	1089	#6600FF	2
6	1090	1227	orange	2
6	1228	1479	#6600FF	2
7	1	78	green	3
7	79	1075	#C71585	1
8	1	138	#33CCCC	1
8	139	1202	#3399FF	1
9	1	817	#33CCCC	3
10	1	727	green	1
11	1	56	#3399FF	3
11	57	217	#3399FF	3
11	218	418	orange	3
11	419	969	#3399FF	3
11	970	1033	orange	3
11	1034	1144	#3399FF	3
12	1	91	#3399FF	1
12	92	137	#33CCCC	1
12	138	968	#C71585	3
13	1	921	#3399FF	2
13	922	1041	#33CCCC	2
14	1	74	#3399FF	2
14	75	124	#33CCCC	2
14	125	919	#C71585	4
15	1	76	green	4
15	77	916	#C71585	2
16	1	663	#33CCCC	4
17	1	577	#3399FF	4
17	578	772	orange	4
17	773	1056	#3399FF	4
18	1	175	#FF99CC	3
18	176	553	#33CCCC	1
18	554	932	#FF99CC	3
19	1	544	green	2
20	1	406	#FF99CC	4
20	407	760	#33CCCC	2
20	761	900	#FF99CC	4
