1	1	115	#6600FF	6
1	116	246	green	6
1	247	410	#6600FF	6
1	411	574	green	6
1	575	634	#6600FF	6
1	635	991	#FF99CC	5
1	992	1096	#FF99CC	6
1	1097	1251	#C71585	6
1	1252	1300	#FF99CC	6
1	1301	1493	#FF99CC	5
2	1	70	#33CCCC	4
2	71	93	green	1
2	94	373	#33CCCC	4
2	374	778	green	1
2	779	1048	#33CCCC	4
3	1	1070	#993300	4
4	1	308	#3399FF	3
4	309	361	#6600FF	3
4	362	391	orange	3
4	392	465	#6600FF	3
4	466	571	orange	3
4	572	1060	#3399FF	3
5	1	426	#C71585	2
5	427	873	#FF99CC	4
5	874	1085	#C71585	2
6	1	266	#33CCCC	5
6	267	572	green	2
6	573	645	#33CCCC	5
6	646	706	green	2
6	710	902	#33CCCC	5
7	1	181	#6600FF	1
7	182	287	orange	1
7	288	603	#6600FF	1
7	604	808	#993300	3
7	809	997	orange	1
8	1	934	#993300	5
9	1	160	#6600FF	2
9	161	237	orange	2
9	238	447	#6600FF	2
9	448	752	#993300	6
9	753	928	orange	2
10	1	732	#C71585	1
11	1	733	#C71585	5
12	1	216	#3399FF	6
12	217	381	#C71585	3
12	382	472	#6600FF	4
12	473	548	green	4
12	549	593	#6600FF	4
12	594	685	#C71585	3
12	686	796	#33CCCC	1
12	797	880	orange	6
13	1	651	#3399FF	5
14	1	165	orange	5
14	166	328	#33CCCC	2
14	329	623	#3399FF	2
14	624	784	#33CCCC	2
15	1	144	#6600FF	5
15	145	337	green	5
15	338	585	#6600FF	5
15	586	699	green	5
15	700	769	#6600FF	5
16	1	605	#C71585	4
17	1	760	#FF99CC	1
18	1	694	#3399FF	1
19	1	433	#33CCCC	3
19	434	596	orange	6
20	1	253	#FF99CC	3
20	254	371	#33CCCC	6
20	372	531	green	3
20	532	614	#33CCCC	6
21	1	597	#FF99CC	2
22	1	646	#993300	1
23	1	537	#3399FF	4
24	1	289	#993300	2
25	1	406	#993300	2
