1	1	294	#993300	3
1	295	363	#FF99CC	3
1	364	498	#993300	3
1	499	716	#FF99CC	3
1	717	1370	#993300	3
1	1371	1567	#FF99CC	3
1	1568	1770	#993300	3
1	1771	1977	#FF99CC	3
1	1978	2273	#993300	3
1	2274	2348	#FF99CC	3
1	2349	2413	#993300	3
1	2414	2682	#FF99CC	3
1	2683	2931	#993300	3
1	2932	2978	#FF99CC	3
1	2979	3190	#993300	3
1	3191	3482	orange	4
1	3483	3597	#993300	3
2	1	209	orange	1
2	210	268	green	1
2	269	312	orange	1
2	313	335	#6600FF	1
2	336	342	orange	1
2	343	605	green	1
2	606	701	orange	1
2	702	870	#6600FF	1
2	871	913	orange	1
2	914	1148	#6600FF	1
2	1149	1305	green	1
2	1306	2107	#993300	1
2	2108	3959	#3399FF	1
3	1	1555	#C71585	1
3	1556	1659	#33CCCC	4
3	1660	1690	#6600FF	4
3	1691	1758	#33CCCC	4
3	1759	1787	#C71585	4
3	1788	1862	#33CCCC	4
3	1863	1937	#33CCCC	4
3	1938	1987	#C71585	4
3	1988	2273	#33CCCC	1
3	2274	2506	#C71585	4
3	2507	2599	#33CCCC	1
3	2600	2631	#C71585	4
3	2632	2731	#33CCCC	1
3	2732	3239	#993300	2
3	3240	3262	#6600FF	1
3	3263	3589	#993300	2
4	1	852	#3399FF	3
4	853	1073	green	3
4	1074	1260	orange	3
4	1261	1527	green	3
4	1528	1734	#6600FF	3
4	1735	1880	#33CCCC	3
4	1881	2348	#6600FF	3
4	2349	2412	#33CCCC	3
4	2413	2534	#C71585	3
4	2535	2561	#6600FF	1
4	2562	2723	#C71585	3
4	2724	3328	#993300	1
5	1	867	#3399FF	2
5	868	1264	#33CCCC	3
5	1265	1321	#993300	2
5	1322	1453	#33CCCC	3
5	1454	1529	#6600FF	3
5	1530	1610	#33CCCC	3
5	1611	1934	#C71585	3
5	1935	2228	#33CCCC	3
5	2229	2252	#3399FF	3
5	2253	2432	#33CCCC	3
5	2433	2818	#C71585	3
5	2819	3436	#33CCCC	2
6	1	25	orange	2
6	26	163	#6600FF	2
6	164	599	orange	2
6	600	851	green	2
6	852	943	#6600FF	2
6	944	1508	green	2
6	1509	1642	#6600FF	2
6	1643	1964	green	4
6	1965	2072	#6600FF	2
6	2073	2171	orange	2
6	2172	2340	#6600FF	2
6	2341	2578	green	4
6	2579	2621	orange	2
6	2622	2706	#6600FF	2
6	2707	2902	#33CCCC	4
6	2903	3154	#6600FF	4
6	3155	3254	#C71585	4
6	3255	3305	#6600FF	4
6	3306	3399	#C71585	4
7	1	1149	#3399FF	4
7	1150	1985	#FF99CC	2
8	1	88	#993300	4
8	89	101	#FF99CC	4
8	102	144	#993300	4
8	145	328	#FF99CC	4
8	329	600	#993300	4
8	601	792	#FF99CC	4
8	793	1459	#993300	4
8	1460	1481	#FF99CC	4
8	1482	1568	#993300	4
8	1569	1631	#FF99CC	4
8	1632	1813	#993300	4
9	1	62	orange	4
9	63	344	green	4
9	345	830	#C71585	2
9	831	870	#33CCCC	2
9	871	1164	#C71585	2
9	1165	1293	green	4
9	1294	1381	orange	4
9	1382	1499	#6600FF	2
10	1	1324	#FF99CC	1
