1	1	990	#993300	1	1
2	1	164	#6600FF	2	1
2	165	1000	#993300	3	1
3	1	1021	#33CCCC	3	1
4	1	552	#FF99CC	3	1
4	553	1208	#C71585	3	1
4	1210	1237	#FF99CC	3	1
4	1238	1846	#993300	3	1
5	1	687	#FF99CC	2	1
5	688	1484	#C71585	2	1
5	1485	1808	#FF99CC	2	1
5	1809	2067	green	3	1
5	2068	2237	green	1	1
5	2238	2396	#33CCCC	1	1
6	1	223	#3399FF	3	1
6	224	436	orange	3	1
6	437	558	#3399FF	3	1
6	559	975	green	1	1
7	1	1365	#3399FF	1	1
8	1	210	#6600FF	2	1
8	211	408	orange	2	1
8	409	1147	#33CCCC	4	1
8	1148	1379	#6600FF	2	1
8	1380	1643	orange	2	1
9	1	225	#33CCCC	1	1
9	226	345	#3399FF	3	1
9	346	460	#33CCCC	1	1
9	461	901	#3399FF	3	1
10	1	959	#FF99CC	1	1
11	1	1046	#993300	2	1
12	1	962	#3399FF	2	1
13	1	947	#6600FF	3	1
14	1	518	#993300	4	1
14	519	1078	#FF99CC	4	1
14	1079	1372	#993300	4	1
14	1373	1450	#33CCCC	2	1
15	1	358	#6600FF	1	1
15	359	486	orange	1	1
15	487	976	#6600FF	1	1
15	977	1304	orange	1	1
16	1	479	#993300	4	1
16	480	945	#33CCCC	2	1
17	1	1216	#C71585	1	1
18	1	693	green	2	1
18	694	905	green	4	1
18	906	1202	#3399FF	4	1
19	1	273	#6600FF	4	1
19	274	484	green	4	1
19	485	583	orange	4	1
19	584	704	#6600FF	4	1
19	705	965	#993300	4	1
19	966	999	#FF99CC	4	1
19	1000	1125	#6600FF	4	1
19	1126	1361	#3399FF	4	1
19	1362	1501	orange	4	1
19	1502	1623	green	4	1
19	1624	1957	#3399FF	4	1
20	1	1039	#C71585	4	1
