1	1	999	#C71585	3
1	1000	1390	orange	1
1	1391	1706	#6600FF	1
1	1705	1803	orange	1
1	1804	1903	#6600FF	1
1	1904	2065	orange	1
1	2066	2103	#6600FF	1
2	1	44	#3399FF	4
2	45	509	#FF99CC	4
2	510	1048	#FF99CC	1
2	1049	1436	#33CCCC	2
2	1437	1747	#33CCCC	4
2	1748	2016	#3399FF	3
3	1	749	#C71585	1
3	750	840	green	3
3	841	962	#C71585	1
3	963	1484	green	3
3	1485	1531	#FF99CC	3
3	1532	1750	#6600FF	3
4	1	1483	#993300	3
5	1	790	#3399FF	1
5	791	850	orange	3
5	851	1560	#3399FF	3
6	1	251	#6600FF	2
6	252	478	orange	2
6	479	1124	#C71585	4
7	1	477	#C71585	2
7	478	528	green	4
7	529	606	#C71585	2
7	607	765	green	4
7	766	964	#FF99CC	4
7	965	1010	#3399FF	1
7	1011	1062	orange	4
7	1063	1080	#33CCCC	4
7	1081	1103	orange	4
7	1104	1208	#33CCCC	4
8	1	41	#FF99CC	3
8	42	161	#33CCCC	3
8	162	393	#FF99CC	3
8	394	853	#33CCCC	1
8	854	1219	#33CCCC	3
9	1	929	#FF99CC	2
10	1	272	#3399FF	4
10	273	371	orange	4
10	372	502	#3399FF	4
10	503	637	#33CCCC	4
10	638	702	#FF99CC	4
10	703	908	green	4
10	909	1069	#6600FF	4
11	1	838	#993300	4
12	1	957	#993300	1
13	1	260	#6600FF	3
13	261	274	#C71585	3
13	275	292	#6600FF	1
13	293	416	#C71585	1
13	417	801	green	1
14	1	805	#3399FF	2
15	1	121	#6600FF	4
15	122	175	green	4
15	176	312	#6600FF	4
15	313	617	green	2
15	618	721	#C71585	2
16	1	700	#993300	2
