1	1	1187	#3399FF	2
1	1188	1561	#6600FF	3
2	1	1127	#993300	1
2	1128	1306	orange	3
3	1	195	#6600FF	2
3	196	513	green	3
3	514	1238	#6600FF	2
4	1	277	green	4
4	278	1316	#FF99CC	1
5	1	128	orange	4
5	129	692	#C71585	1
5	693	1084	#33CCCC	4
6	1	513	#3399FF	3
6	514	1077	#3399FF	4
7	1	301	#6600FF	1
7	302	732	#FF99CC	3
7	733	1077	green	2
8	1	941	#C71585	3
8	942	1044	#3399FF	2
8	1045	1205	#C71585	3
9	1	681	#993300	3
9	682	973	#6600FF	4
10	1	437	#FF99CC	2
10	438	1033	#3399FF	1
11	1	387	#33CCCC	1
11	388	512	orange	3
11	513	836	#993300	1
12	1	766	#33CCCC	2
13	1	280	orange	2
13	281	751	#C71585	2
14	1	785	#993300	4
15	1	510	#33CCCC	3
16	1	395	#FF99CC	4
16	396	502	orange	4
17	1	558	orange	1
18	1	564	green	1
19	1	365	#C71585	4
20	1	500	#993300	2
