1	1	314	white	1
1	315	348	#E7211A	1
1	349	1232	white	1
1	1233	1364	#F6BCC6	1
1	1365	1441	#EFEA3C	1
1	1442	1529	white	1
1	1530	2119	#72C8D5	1
1	2120	2489	white	1
10	1	663	white	1
10	664	719	#E7211A	1
10	720	1151	white	1
10	1152	1421	#7D7E2D	1
11	1	253	white	1
11	254	288	#AD1F25	1
11	289	377	white	1
11	378	457	#72C8D5	1
11	458	612	white	1
11	613	1119	#EFEA3C	1
11	1120	1533	white	1
12	1	861	#F6BCC6	1
12	862	956	white	1
12	957	1009	#EFEA3C	1
12	1010	1286	white	1
13	1	754	white	1
13	755	1030	#AB549C	1
13	1031	1164	white	1
13	1165	1223	#AB549C	1
14	1	653	#AB549C	1
14	654	1285	white	1
14	1286	1333	#EFEA3C	1
14	1334	1428	white	1
15	1	224	white	1
15	225	676	#AD1F25	1
15	677	1205	#7D7E2D	1
15	1206	1677	white	1
15	1678	1688	#E7211A	1
15	1689	1744	white	1
16	1	330	#AB549C	1
16	331	798	white	1
16	799	826	#AB549C	1
16	827	1296	white	1
17	1	328	#AB549C	1
17	329	573	white	1
17	574	617	#AB549C	1
17	618	727	white	1
17	728	823	#AB549C	1
17	824	1252	white	1
18	1	1260	#E7211A	1
19	1	1161	white	1
2	1	168	white	1
2	169	201	#187C3A	1
2	202	440	white	1
2	441	787	#F6BCC6	1
2	788	1348	#EFEA3C	1
2	1349	1626	#F6BCC6	1
2	1627	2197	#187C3A	1
3	1	728	white	1
3	729	1121	#7D7E2D	1
3	1122	1948	#AD1F25	1
3	1949	1983	white	1
3	1984	2383	#AD1F25	1
4	1	482	#E7211A	1
4	483	1027	#EFEA3C	1
4	1028	1048	#187C3A	1
4	1049	1438	#EFEA3C	1
4	1439	1744	#F6BCC6	1
4	1745	2274	#187C3A	1
5	1	518	#AD1F25	1
5	519	592	#E7211A	1
5	593	727	white	1
5	728	893	#187C3A	1
5	894	1065	white	1
5	1066	1349	#187C3A	1
5	1350	1462	white	1
6	1	394	white	1
6	395	829	#72C8D5	1
6	830	864	white	1
6	865	894	#187C3A	1
6	895	934	white	1
6	935	1062	#72C8D5	1
6	1063	1103	white	1
6	1104	1596	#E7211A	1
7	1	116	white	1
7	117	449	#187C3A	1
7	450	560	#EFEA3C	1
7	561	740	#187C3A	1
7	741	1392	white	1
8	1	238	white	1
8	239	347	#EFEA3C	1
8	348	628	white	1
8	629	684	#EFEA3C	1
8	685	727	white	1
8	728	1246	#EFEA3C	1
8	1247	1731	white	1
9	1	526	white	1
9	527	593	#AB549C	1
9	594	636	#7D7E2D	1
9	637	957	white	1
9	958	1231	#7D7E2D	1
