1	1	460	#45A6B5	1
1	461	837	#040000	1
1	838	933	#45A6B5	1
1	934	1378	#040000	1
1	1379	1538	#45A6B5	1
1	1539	1882	#F5A118	1
1	1883	2515	#187C3A	1
1	2516	2599	white	1
1	2600	2972	#45A6B5	1
1	2973	3139	#040000	1
10	1	300	#F5A118	1
10	301	679	#187C3A	1
10	680	1277	#7D7E2D	1
11	1	363	#E7211A	1
11	364	1086	#72C8D5	1
11	1087	1332	#E7211A	1
12	1	387	#6AB82D	1
12	388	738	#72C8D5	1
12	739	1166	#AD1F25	1
2	1	306	#6AB82D	1
2	307	878	#AD1F25	1
2	879	1276	#72C8D5	1
2	1277	1546	#187C3A	1
2	1547	2174	#7D7E2D	1
3	1	89	#F6BCC6	1
3	90	266	white	1
3	267	313	#0D7C7C	1
3	314	329	#187C3A	1
3	330	802	white	1
3	803	1370	#0D7C7C	1
3	1371	1643	#AB549C	1
3	1644	1984	white	1
3	1985	2072	#040000	1
4	1	131	white	1
4	132	188	#0D7C7C	1
4	189	208	#187C3A	1
4	209	478	white	1
4	479	1461	#F5A118	1
4	1462	1717	#6AB82D	1
4	1718	2326	#187C3A	1
4	2327	2438	white	1
5	1	1378	#EFEA3C	1
5	1379	1880	white	1
6	1	493	white	1
6	494	1205	#F6BCC6	1
6	1206	1279	#040000	1
6	1280	1710	#0D7C7C	1
6	1711	1739	#F5A118	1
6	1740	1843	#F6BCC6	1
6	1844	2252	white	1
6	2253	2346	#040000	1
7	1	391	white	1
7	392	1158	#EFEA3C	1
7	1159	1888	#AB549C	1
7	1889	2384	#EFEA3C	1
8	1	328	#6AB82D	1
8	329	951	#E7211A	1
8	952	1835	#AD1F25	1
8	1836	2189	#E7211A	1
9	1	776	#F6BCC6	1
9	777	803	white	1
9	804	1023	#AB549C	1
9	1024	1545	white	1
