1	1	1187	#3399FF	1	2
1	1188	1561	#6600FF	1	3
2	1	1127	#993300	1	1
2	1128	1306	green	1	3
3	1	195	#6600FF	1	2
3	196	513	orange	1	3
3	514	1238	#6600FF	1	2
4	1	277	orange	1	4
4	278	1316	#FF99CC	1	1
5	1	128	green	1	4
5	129	692	#C71585	1	1
5	693	1084	#33CCCC	1	4
6	1	513	#3399FF	1	3
6	514	1077	#3399FF	1	4
7	1	301	#6600FF	1	1
7	302	732	#FF99CC	1	3
7	733	1077	orange	1	2
8	1	941	#C71585	1	3
8	942	1044	#3399FF	1	2
8	1045	1205	#C71585	1	3
9	1	681	#993300	1	3
9	682	973	#6600FF	1	4
10	1	437	#FF99CC	1	2
10	438	1033	#3399FF	1	1
11	1	387	#33CCCC	1	1
11	388	512	green	1	3
11	513	836	#993300	1	1
12	1	766	#33CCCC	1	2
13	1	280	green	1	2
13	281	751	#C71585	1	2
14	1	785	#993300	1	4
15	1	510	#33CCCC	1	3
16	1	395	#FF99CC	1	4
16	396	502	green	1	4
17	1	558	green	1	1
18	1	564	orange	1	1
19	1	365	#C71585	1	4
20	1	500	#993300	1	2
